11011111000000011111000000011010
01110000000000000011011110001011
00000000000100000000000000000000
00000000000000000000011000000001
00000000000000000000000000000000
00001000000110000100000000000000
00010000001100101100001010001001
00011000010110000100000111010010
00101001101000100001101110011011
00000000000000000000000000000000
00000000000000000100110011000100
00000000000000000000000000000000
00000000000000000000000000000000
00000000000000000000000000000000
01010101010101010101010101010101
01010101010101010101010101010101
01010101010101010101010101010101
01010101010101010101010101010101
01010101010101010101010101010101
01010101010101010101010101010101
00000000000000000000000111110100
00000000000000000000000000001010
00000000000000000000000000000101
00000000000000001100001101010000
00000000000000000000000000000000
00000000000000000000000000000000
00000000000000000000000000001100
00000001111111110000000000000000
00000000000000000000000000000000
00000000000000000000001100000000
00000000000000010010000100010001
00011000000110000000101001000011
00000000000110100000000010100110
00000000000000000000000000001100
00000000000000000000000000000101
00000000000000000000000000000101
00000000000000000000110000000000
00000000000000000000110000000000
00000000000000000000000000011111
00000000000000000000000000000000
00000000000000000000000000000000
00000000000000000000000000000000
00000000000000000000000000000000
00000000000000000000000000000000
00000000000000000000000000000001
00000000000000000000000000000001
00000000000000000000000000000101
00000000000000000000000000000101
00000000000000000000000000000000
00000000000000000000000000000000
00000000000000000000000000000000
00000011000000100000000100000000
00000111000001100000010100000100
00001011000010100000100100001000
00001111000011100000110100001100
00000011000000100000000100000000
00000111000001100000010100000100
00001011000010100000100100001000
00001111000011100000110100001100
00000011000000100000000100000000
00000111000001100000010100000100
00000000000000000000000000000000
00000000000000000000000000000000
00000000000000000000000000000000
00000000000000000000000000000000
00000000000000000000000000000000
00000000000000000000000000000000
00000000000000000000000000000000
00000000000000000000000000000000
00000000000000000000000000000000
00000000000000000000000000000000
00000000000000000000000000000000
00000000000000000000000000000000
00000000000000000000000000000000
00000000000000000000000000000000
00000000000000000000000000000000
00000000000000000000000000000000
00000000000000000000000000000000
00000000000000000000000000000000
00000000000000000000000000000000
00000000000000000000000000000000
00000000000000000000000000000000
00000000000000000000000000000000
00000000000000000000000000000000
00000000000000000000000000000000
00000000000000000000000000000000
00000000000000000000000000000000
00000000000000000000000000000000
00000000000000000000000000000000
00000000000000000000000000000000
00000000000000000000000000000000
00000000000000000000000000000000
00000000000000000000000000000000
00000000000000000000000000000000
00000000000000000000000000000000
00000000000000000000000000000000
00000000000000000000000000000000
00000000000000000000000000000000
00000000000000000000000000000000
00000000000000000000000000000000
00000000000000000000000000000000
00000000000000000000000000000000
00000000000000000000000000000000
00000000000000000000000000000000
00000000000000000000000000000000
00000000000000000000000000000000
00000000000000000000000000000000
00000000000000000000000000000000
00000000000000000000000000000000
00000000000000000000000000000000
00000000000000000000000000000000
00000000000000000000000000000000
00000000000000000000000000000000
00000000000000000000000000000000
00000000000000000000000000000000
00000000000000000000000000000000
00000000000000000000000000000000
00000000000000000000000000000000
00000000000000000000000000000000
00000000000000000000000000000000
00000000000000000000000000000000
00000000000000000000000000000000
00000000000000000000000000000000
00000000000000000000000000000000
00000000000000000000000000000000
00000000000000000000000000000000
00000000000000000000000000000000
00000000000000000000000000000000
